1761064323750 0.23001274466514587 0 d1ac8b45056742f6bdaa94826a7a1700
1761064335544 0.6468038558959961 1 d1ac8b45056742f6bdaa94826a7a1700
1761064347548 0.791404128074646 2 d1ac8b45056742f6bdaa94826a7a1700
1761064364047 0.8647605180740356 3 d1ac8b45056742f6bdaa94826a7a1700
1761064383504 0.9077035188674927 4 d1ac8b45056742f6bdaa94826a7a1700
1761064401287 0.9326898455619812 5 d1ac8b45056742f6bdaa94826a7a1700
1761064413839 0.9502094388008118 6 d1ac8b45056742f6bdaa94826a7a1700
1761064430764 0.9592424035072327 7 d1ac8b45056742f6bdaa94826a7a1700
1761064440828 0.9685667753219604 8 d1ac8b45056742f6bdaa94826a7a1700
1761064449917 0.9751229286193848 9 d1ac8b45056742f6bdaa94826a7a1700
1761064323750 0.23001274466514587 0 d1ac8b45056742f6bdaa94826a7a1700
