1761064323750 2.509899377822876 0 d1ac8b45056742f6bdaa94826a7a1700
1761064335544 1.0523872375488281 1 d1ac8b45056742f6bdaa94826a7a1700
1761064347548 0.6159206032752991 2 d1ac8b45056742f6bdaa94826a7a1700
1761064364047 0.4013100564479828 3 d1ac8b45056742f6bdaa94826a7a1700
1761064383504 0.2796911597251892 4 d1ac8b45056742f6bdaa94826a7a1700
1761064401287 0.20827344059944153 5 d1ac8b45056742f6bdaa94826a7a1700
1761064413839 0.15616483986377716 6 d1ac8b45056742f6bdaa94826a7a1700
1761064430764 0.12516014277935028 7 d1ac8b45056742f6bdaa94826a7a1700
1761064440828 0.09897046536207199 8 d1ac8b45056742f6bdaa94826a7a1700
1761064449917 0.07965338230133057 9 d1ac8b45056742f6bdaa94826a7a1700
1761064323750 2.509899377822876 0 d1ac8b45056742f6bdaa94826a7a1700
